18793 19950.00 19950.00
62993 33547.00 33547.00
12592 22380.00 36876.00
12732 20733.00 20733.00
74252 45340.00 45340.00
85452 25232.00 25232.00
20962 32580.00 32580.00
24232 37530.00 37530.00
20432 39710.00 39710.00
19332 34240.00 34240.00
16999 23149.00 39493.00
68299 36618.00 36618.00
20189 32908.00 32908.00
41518 24480.00 24480.00
11969 22337.00 22337.00
32969 38578.00 38578.00
16619 19950.00 19950.00
12889 18540.00 18540.00
55859 27500.00 27500.00
44079 36540.00 36540.00
56299 42240.00 42240.00
12729 34500.00 34500.00
12099 45362.00 45362.00
46909 42120.00 42120.00
30909 12692.00 12692.00
28115 21456.00 37704.00
13085 39680.00 39680.00
18908 35488.00 35488.00
21555 55644.00 55644.00
19015 47802.00 47802.00
37165 31290.00 31290.00
10408 19064.00 31784.00
12603 24129.00 39129.00
12613 24390.00 24390.00
12513 32100.00 32100.00
13573 33304.00 33304.00
12965 21818.00 37936.00
33332 28547.00 46997.00
85072 19144.00 33088.00
29612 35994.00 35994.00
23972 36290.00 36290.00
50672 45930.00 45930.00
25072 24190.00 35902.00
13577 62320.00 62320.00
39457 36340.00 36340.00
37257 30693.00 30693.00
